0.1519
-0.0904
-0.1992
-0.1256
0.0459
0.2714
-0.0010
0.0582
-0.0674
-0.0210
-0.0418
-0.3136
-0.0526
0.0910
0.2435
-0.0070
0.0115
-0.0568
0.0580
-0.0638
-0.1352
-0.0754
-0.0795
0.3312
0.0117
0.0201
-0.0754
-0.1463
-0.4026
-0.2966
0.0535
-0.0310
0.1797
0.0465
-0.0237
-0.0107
-0.1855
-0.2093
-0.3396
0.0378
-0.0194
0.1962
0.0170
-0.0215
-0.2080
0.1284
-0.1933
-0.3898
0.0692
0.0240
0.2347
-0.0049
0.0205
0.0576
0.2518
-0.3414
-0.1520
-0.0512
0.2411
0.1403
-0.0519
0.0173
-0.0248
-0.0894
-0.3748
0.0474
-0.0154
0.0231
0.0837
-0.0050
0.0168
-0.0381
0.0432
-0.3658
-0.2171
-0.0170
0.0862
0.1624
0.0077
0.0244
0.0330
0.3141
-0.1462
-0.0505
0.0979
0.2639
-0.1022
0.1339
-0.3298
0.0244
-0.2296
-0.1005
-0.1992
0.0051
0.1122
0.1640
-0.0401
-0.3961
-0.2651
-0.3361
-0.1845
-0.3942
-0.3060
0.1089
0.1397
0.0701
-0.2294
-0.0108
-0.2438
-0.0047
-0.1954
0.0575
-0.0303
0.0381
-0.3764
0.0314
0.0118
-0.1540
-0.2097
-0.3563
-0.0491
-0.0070
-0.0794
-0.2633
-0.2113
0.0390
-0.1283
0.0678
-0.0330
-0.2886
0.0993
-0.1898
-0.2486
0.0461
-0.4033
-0.1675
-0.0919
-0.0997
0.0406
0.2078
0.1101
-0.0273
-0.2572
-0.3537
0.2000
-0.0525
-0.1464
0.0268
0.0786
-0.0318
0.1197
-0.4648
-0.0296
-0.1289
0.0681
0.0320
-0.0656
0.1319
-0.2622
-0.1538
-0.3480
-0.0794
-0.2728
-0.1210
0.1153
-0.0555
0.1515
0.0704
-0.0657
-0.1752
-0.0511
0.1278
0.0724
-0.2102
0.2571
0.2288
-0.3539
-0.1381
-0.0798
-0.1211
0.0256
-0.0463
-0.1036
0.2345
0.1188
-0.1010
0.1166
0.1842
-0.3344
0.0571
-0.0429
-0.0861
0.0224
0.1805
0.0319
0.0683
0.0082
-0.1101
-0.1028
0.0263
-0.0532
-0.0454
0.0286
-0.1015
-0.0544
-0.1787
-0.0499
0.1140
-0.0218
-0.0175
0.1360
0.2075
-0.1076
0.0673
0.0799
0.0705
-0.0522
-0.1978
-0.0663
-0.1511
-0.0858
-0.2367
0.0785
-0.0609
-0.3830
0.0528
-0.0748
-0.5302
-0.0124
0.2019
-0.4344
0.1137
0.0488
-0.5933
0.0479
-0.2002
-0.2349
0.0542
-0.1385
-0.0041
-0.1119
0.2087
-0.4197
0.0255
-0.1883
-0.3076
0.1079
-0.1473
-0.0984
-0.1189
-0.0186
0.5091
-0.1576
0.2374
0.2529
-0.2369
-0.0210
0.2485
0.1143
-0.3332
-0.3309
-0.0292
-0.0878
0.2325
0.0079
0.0103
0.2681
0.0936
-0.0939
-0.2696
0.4486
0.2277
0.2333
-0.1690
-0.1330
0.0046
-0.0159
-0.2878
-0.3542
-0.2023
0.1793
0.2364
-0.0869
-0.1465
-0.1091
0.0697
-0.2189
-0.0274
0.1051
0.0146
-0.2084
-0.2201
-0.1793
0.2089
-0.2721
-0.0799
-0.2409
0.0542
0.0967
-0.0161
0.0944
-0.0926
0.0031
-0.0259
-0.5906
0.0742
-0.2258
0.0388
0.0562
-0.1716
0.1803
0.0389
0.1379
-0.0914
-0.0184
-0.1074
0.1298
-0.1600
-0.2587
0.1466
-0.1525
0.0658
-0.0735
0.0622
0.0204
0.0210
0.1080
0.1056
-0.0203
0.2201
-0.3662
-0.3627
0.0991
-0.3504
0.2497
0.0101
-0.3190
0.2312
0.0056
0.0635
0.2239
0.3692
-0.0309
0.1884
0.1323
-0.1149
-0.1176
0.0846
0.0415
0.0642
0.0283
-0.0223
0.0946
0.0295
0.0995
0.0705
0.1784
0.1370
0.2632
0.2622
-0.1171
0.0978
0.1652
-0.3933
-0.0576
0.2134
0.4918
-0.1466
-0.1546
0.1993
-0.0181
-0.0675
0.0583
-0.0013
-0.1180
0.3604
-0.4600
-0.1105
0.1256
-0.0939
0.1636
-0.2895
0.2153
0.0480
0.5565
0.0606
-0.1653
0.2451
-0.0009
0.0652
-0.2155
0.4744
0.1351
0.1388
-0.0720
-0.4640
0.3058
-0.2049
-0.9530
0.0134
0.3714
-0.2386
0.1238
0.1745
-0.1207
0.2046
0.0632
-0.1675
0.2567
-0.0356
-0.2219
0.1618
0.0904
-0.4460
0.2601
0.0498
-0.6660
-0.2639
-0.1577
-0.1213
0.3212
-0.3629
0.0449
0.0242
-0.6368
0.2170
0.0429
-0.2120
0.1564
0.1836
-0.5676
0.1777
0.2813
-0.2726
0.2119
-0.0943
-0.4198
-0.1198
0.3142
-0.4110
0.0566
-0.0647
-0.3861
0.2989
0.1181
-0.4302
0.2124
-0.0284
-0.4682
0.0639
0.1237
-0.8811
-0.2252
0.4488
-0.5002
0.0200
0.0779
-0.4631
0.0069
-0.0195
-0.7496
0.1691
0.4574
-0.6827
-0.2486
-0.0799
-0.4547
0.0455
0.2703
-0.9263
-0.1959
0.5245
-0.5197
0.1795
-0.3435
0.2207
-0.3122
-0.1130
-0.0155
-0.3705
-0.0946
-0.7062
-0.0703
-0.3219
0.0121
-0.1186
-0.1165
-0.0216
-0.1718
-0.1553
-0.7273
-0.3275
-0.4159
0.2603
-0.2647
-0.1114
-0.2600
-0.0670
-0.1016
-0.5660
-0.0972
-0.0507
1.1000
0.1754
-0.4638
0.2043
0.5120
0.1725
-0.2032
-0.8025
0.1558
0.4989
0.6507
-0.1032
0.3513
0.3662
0.1625
-0.1085
-0.8044
-0.4166
0.3694
0.3080
-0.4044
0.2841
0.2928
0.2520
-0.2572
-0.3368
-0.0773
0.2828
0.2291
-0.0123
-0.0151
-0.1106
-0.7216
0.3382
0.5105
0.0661
0.0096
-0.1940
0.0111
-0.0207
-0.1623
-0.6238
0.1676
0.3994
0.2523
-0.0434
-0.1904
0.0236
-0.0209
-0.1020
-0.4618
0.4439
0.3184
-0.0163
-0.0573
-0.1002
-0.2199
0.0478
0.1300
-0.6637
0.5632
1.0675
-0.5407
0.1393
0.3315
-0.6342
0.1225
0.1783
-0.5660
0.5024
1.4066
-0.5345
0.4456
0.4794
-0.8418
0.1282
0.0849
-0.6637
0.2140
0.5587
-0.3693
0.2304
0.3312
-0.0185
0.0849
-0.1679
-0.1592
0.9536
0.7381
-0.0629
-0.1685
-0.1604
0.0356
-0.1137
-0.0547
-0.0324
0.9600
0.5477
0.0415
-0.1509
-0.1450
-0.0949
-0.1641
-0.0649
-0.3516
0.8709
0.5560
-0.0324
-0.1988
-0.1132
0.0380
-0.2401
0.0038
0.1468
0.0068
0.0194
-0.0865
0.1967
0.5228
0.1822
0.3445
0.6618
0.0165
-0.0081
-0.0133
-0.1543
0.1175
0.3473
-0.1635
0.1744
0.4982
0.1911
0.0084
0.0444
-0.2104
0.2583
0.4148
-0.2416
0.4219
0.4383
-0.0468
-0.0136
-0.1277
-0.0616
0.1109
0.6032
0.0469
0.0347
0.3232
-0.0725
-0.0337
-0.1147
0.0211
0.0807
0.5657
-0.0832
0.0078
0.2871
0.0282
-0.0352
-0.1212
-0.2939
0.1158
0.4274
0.0235
-0.0329
0.3101
-0.3845
0.2609
-0.1265
0.2102
0.4313
0.0414
-0.3248
-1.4471
-0.3326
-0.3162
-0.8143
-0.2517
0.0231
0.2665
-0.0234
-0.0997
-1.2181
-0.4532
-0.0172
-0.7526
-0.1395
-0.3615
0.5307
0.0826
-0.4062
-1.5161
-0.2054
-0.1045
-0.9293
-0.3334
0.0190
-0.0029
0.0423
-0.0475
-0.0163
-0.6332
-0.1494
-0.0996
-0.5512
0.1310
-0.0378
-0.0507
-0.3445
-0.0094
-0.4320
-0.3585
-0.0747
-0.5012
-0.0733
-0.0076
0.0117
0.0371
-0.0182
-0.4172
0.0081
-0.1129
-0.6942
0.0756
-0.1071
-0.0325
-0.0119
0.0991
0.0267
-0.2516
-0.0124
0.0274
0.1541
-0.0355
0.0076
-0.3641
0.0920
0.0867
-0.1170
-0.0161
0.0433
0.0831
-0.1396
-0.0442
-0.0164
0.0841
0.0167
-0.0395
-0.0164
0.0208
0.1125
0.1236
0.7691
-0.1660
-0.0268
0.0366
-0.0061
-0.0429
-0.8303
0.1590
0.3047
-0.0091
0.0010
0.1699
0.0076
0.0017
-0.0096
-0.6063
0.3580
0.2524
0.0402
-0.2979
0.1110
0.1321
-0.0039
-0.0468
-0.4834
0.0571
0.1485
0.1954
-0.1451
0.1529
-0.1833
-0.0021
-0.0378
-0.1027
0.0365
0.1380
0.0579
0.2632
-0.1622
-0.1634
-0.0189
-0.0127
-0.0814
0.2490
0.1227
-0.0152
-0.0119
0.1156
-0.1924
0.0148
-0.0154
-0.0659
0.0677
0.1065
0.0914
0.0206
-0.0903
0.0435
0.7487
0.1551
-0.1979
-0.1265
0.3324
-0.1953
0.1469
-0.1752
-0.0714
0.4212
-0.0327
-0.2056
0.3001
-0.0608
-0.2064
-0.1233
-0.1860
0.0857
0.8886
0.0941
-0.1799
-0.1863
0.0612
-0.2075
-0.1866
-0.0022
0.5846
-0.1474
0.0311
-0.6431
-0.2458
0.1756
-0.2267
0.4227
-0.2815
0.2012
-0.1030
-0.0587
-0.7246
-0.2022
0.1737
-0.2907
0.0235
-0.1733
0.2794
-0.1576
0.0498
-0.5515
-0.2207
0.1580
-0.4234
0.5863
-0.2454
-0.1166
0.0215
0.0329
-0.3309
-0.0149
0.2124
-0.3008
0.7738
0.0699
0.2579
0.0126
0.0676
-0.2573
-0.0662
-0.1927
-0.0620
0.1898
0.1886
0.2310
-0.0066
-0.0016
-0.1961
-0.0377
-0.1301
-0.3986
0.8805
0.0579
0.1708
0.0124
-0.0091
-0.5588
-0.1646
-0.1949
-0.2044
0.7110
-0.3025
-0.0348
-0.0046
-0.0111
-0.4235
-0.0398
0.0986
-0.3716
0.1730
-0.3188
0.0276
0.0007
0.0140
-0.5402
-0.0382
0.1129
-0.1411
0.7977
0.0826
-0.0846
0.5908
0.0089
0.5549
-0.1727
0.0860
0.0534
0.0471
-0.4936
-0.2844
-0.1043
0.3466
-0.0252
-0.4464
0.0590
0.0312
0.0663
-0.6513
-0.1015
-0.2407
0.4685
0.0786
-0.1639
0.0489
0.0691
0.0871
-0.5534
-0.2307
0.0756
0.3449
0.0006
-0.5307
0.1160
0.0577
0.2044
-0.1063
-0.0373
-0.2191
0.4987
0.1396
-0.1204
0.0161
-0.0887
-0.1063
-0.0664
0.0152
0.0112
0.3768
-0.1332
-0.4379
0.1357
0.0362
0.0550
-0.2645
-0.0344
-0.0726
0.3068
0.0166
-0.5634
0.1352
-0.0759
0.2247
-0.6999
0.1664
-0.0235
0.2731
0.0306
-0.1119
0.0591
-0.0032
0.2223
-0.1827
0.0422
0.2064
0.1019
0.1352
-0.6845
0.1118
-0.0392
-0.0321
-0.4042
-0.0260
-0.2919
0.0549
-0.1729
0.0424
-0.1182
-0.0414
0.1245
-0.1786
-0.2009
-0.2507
0.0062
0.4143
-0.0495
0.0274
0.2839
-0.0619
-0.0231
-0.1164
-0.1046
0.1534
0.2075
-0.0738
-0.2938
0.0081
0.0227
0.2850
-0.3897
-0.2246
-0.0568
0.2495
-0.1494
-0.0333
0.2982
0.0348
-0.0655
-0.1937
-0.0714
-0.1224
0.3077
0.0543
-0.0648
-0.0124
0.2375
-0.0838
-0.0910
0.0376
0.2088
0.1324
-0.2414
-0.2811
0.0962
-0.0325
0.0636
-0.0492
-0.0613
0.1581
0.1668
-0.2689
0.0558
0.0926
0.1489
0.2753
0.0324
-0.2814
0.0206
0.3266
-0.2789
-0.1186
0.0617
0.1075
-0.1340
0.0668
-0.3109
-0.2493
0.1805
0.1631
-0.2319
0.0097
0.1685
0.0177
0.0407
-0.3056
0.0687
0.2285
0.0884
-0.0358
0.0302
0.1939
0.1594
0.0093
-0.1310
0.2003
0.1707
0.2629
0.0589
-0.2338
-0.1600
0.1884
0.1698
0.1177
0.0367
-0.2538
-0.1972
0.0240
0.2579
0.2537
0.0460
-0.3111
-0.2795
0.0739
0.1501
0.0933
0.0481
-0.2318
-0.3852
-0.1364
0.2094
0.1090
0.0228
-0.2199
-0.3747
0.1148
0.2324
0.2661
0.0302
-0.1986
-0.3800
0.2134
0.1698
0.2407
0.0546
-0.1150
-0.3328
0.0967
0.1286
0.1298
0.0380
-0.1023
-0.2402
0.2388
0.1322
0.2604
0.0400
-0.1652
0.5608
0.3731